+380953693471
+380954214525
+380999589283
+380994405650
+380506806248
+380993066081
+380990486596
+380953509015
+380956323468
+380991095852
+380500461538
+380958959748
+380500864660
+380502905200
+380667274243
+380958624979
+380999276284
+380639527256
+380508881801
+380957300372
+380508144421
+380506855858
+380958527999
+380507101992
+380951729560
+380994563003
+380679698134
+380995201863
+380999640194
+380668285119
+380665685128
+380638765987
+380667940328
+380994808529
+380995619384
+79168373295
+380663744988
+380958557991
+380508302228
+380662367719
+380979333737
+380501982691
+380667950755
+380672302349
+380933485480
+380933245300
+380934479422
+380638656641
+380638658378
+79153839378
+380631719397
+380995434506
+380501741228
+380504719008
+380506830569
+380931893031
+380957401074
+380507177619
+380502535735
+380507541906
+380973361626
+380505751364
+380500302628
+380996140967
+38163324717
+380951389241
+380677410701
+380509501233
+380996142566
+380950773318
+380954288276
+380958557920
+380662855257
+380504786585
+380973727444
+380956848064
+380509699035
+380994744766
+380509195875
+380509557082
+380501410973
+79886524321
+380990544090
+380636885055
+380995585785
+380996357260
+380633042988
+380635668163
+380633042748
+380933258967
+380636680252
+380997743855
+380950648909
+380990737526
+380502822482
+380994066824
+380506702131
+380951636718
+380999758158
+380637531147
+380931865727
+380931865728
+380502301113
+380668273986
+380633056527
+380633341750
+380506242783
+380990842643
+380666055892
+380507095871
+380506952449
+380991649639
+380661162033
+380956051839
+380988211236
+380505089873
+380505210003
+380633180587
+380505696416
+380955402877
+380956526584
+380664375240
+380634991914
+380997125742
+380505737907
+380959494373
+380993444005
+380955053547
+380954959031
+380957590404
+380952905552
+380990073241
+380662239228
+380664622197
+380996020001
+380667253471
+380991155119
+380932869604
+380937914973
+380669894569
+380958178222
+380663210227
+380996502515
+380502946287
+380990465799
+380502719858
+380502416206
+380994415583
+380508047244
+380951726859
+380953429426
+380508815979
+380997068316
+380953714954
+380660884255
+380951243439
+380953888797
+380939853175
+380689694167
+380686644835
+380500503612
+380954802106
+380505047606
+380639902297
+380505047404
+380950959987
+380630270021
+380635241011
+380956373108
+380634894375
+380632782402
+380632392797
+380632847082
+380632710897
+380933203194
+380665345386
+380993924650
+380955703497
+380502915730
+380509893558
+380500486343
+380951430016
+380509302009
+380956949916
+380953062526
+380502690348
+380954479021
+380958096481
+380631194341
+380631431643
+380633885077
+380977873661
+380996364425
+380970675108
+380665987860
+380991599564
+380953509015
+380501420152
+380509562512
+380991143454
+380508720863
+380507699156
+380950313436
+380666371985
+380500563609
+380500699386
+380952227507
+380954810555
+380952568645
+380508644786
+380999826681
+380990281294
+380951353994
+380954975220
+380667253471
+380505035705
+380509159016
+380503675245
+380933967100
+380985500629
+380507078118
+380507177829
+380505965946
+380663063213
+380500658858
+380502792017
+380500375455
