+71037498530
+71947432663
+72425242474
+72622412889
+74234442359
+74235321666
+74240000000
+74242067110
+74242212121
+74242220242
+74242220245
+74242220249
+74242220267
+74242220360
+74242220485
+74242225473
+74242229711
+74242230021
+74242230207
+74242233612
+74242236367
+74242239144
+74242239333
+74242240144
+74242240168
+74242240283
+74242240288
+74242244822
+74242250331
+74242258029
+74242259414
+74242278400
+74242283113
+74242300133
+74242300283
+74242300353
+74242300432
+74242300463
+74242300464
+74242300468
+74242300482
+74242300483
+74242300618
+74242300637
+74242300642
+74242300645
+74242300660
+74242300663
+74242300671
+74242300681
+74242300722
+74242300746
+74242300749
+74242300752
+74242300756
+74242300788
+74242300809
+74242300832
+74242300833
+74242300851
+74242300928
+74242300939
+74242300957
+74242300971
+74242311711
+74242312018
+74242312019
+74242312370
+74242312502
+74242312591
+74242312597
+74242312604
+74242312643
+74242312648
+74242312676
+74242312703
+74242312709
+74242312711
+74242312785
+74242312854
+74242312856
+74242312898
+74242315600
+74242320013
+74242321345
+74242322133
+74242405288
+74242413336
+74242424012
+74242424195
+74242424239
+74242424468
+74242424535
+74242424927
+74242425014
+74242425206
+74242425469
+74242426516
+74242426554
+74242426555
+74242426589
+74242430372
+74242431030
+74242431256
+74242431662
+74242432697
+74242433458
+74242434265
+74242434971
+74242435433
+74242435468
+74242435519
+74242436468
+74242436646
+74242436922
+74242436943
+74242436962
+74242438401
+74242438755
+74242439013
+74242452518
+74242452533
+74242452561
+74242454204
+74242454206
+74242457036
+74242457037
+74242457039
+74242457040
+74242458074
+74242459040
+74242459055
+74242459066
+74242459068
+74242459072
+74242459075
+74242459076
+74242459077
+74242459078
+74242459093
+74242459094
+74242464484
+74242464494
+74242465568
+74242465914
+74242465915
+74242465918
+74242465921
+74242465931
+74242465932
+74242465933
+74242465934
+74242465941
+74242465944
+74242465949
+74242465952
+74242465970
+74242465973
+74242466555
+74242466565
+74242467205
+74242467206
+74242469278
+74242469529
+74242469539
+74242489816
+74242490849
+74242491066
+74242494258
+74242494296
+74242495716
+74242495719
+74242497308
+74242497312
+74242497318
+74242497319
+74242497339
+74242497534
+74242497555
+74242497570
+74242497571
+74242497919
+74242497923
+74242498047
+74242498207
+74242498209
+74242498230
+74242498232
+74242498278
+74242498461
+74242498470
+74242498710
+74242498715
+74242500013
+74242500033
+74242500083
+74242500329
+74242500880
+74242505118
+74242505129
+74242505446
+74242505502
+74242505556
+74242505627
+74242506092
+74242510027
+74242510057
+74242510070
+74242510359
+74242510376
+74242510382
+74242510410
+74242510412
+74242510413
+74242510414
+74242510490
+74242510493
+74242510637
+74242510714
+74242510730
+74242510784
+74242510785
+74242510787
+74242511110
+74242511256
+74242515431
+74242515460
+74242515461
+74242515462
+74242515539
+74242550031
+74242550100
+74242556256
+74242556258
+74242556310
+74242556320
+74242556599
+74242556930
+74242556942
+74242556944
+74242559006
+74242559137
+74242559140
+74242559149
+74242559151
+74242559155
+74242559230
+74242559232
+74242559233
+74242559236
+74242559292
+74242559328
+74242559331
+74242559336
+74242559338
+74242559339
+74242608205
+74242612753
+74242617834
+74242642462
+74242670281
+74242670375
+74242670412
+74242670416
+74242670417
+74242670437
+74242670452
+74242670462
+74242670465
+74242670471
+74242670477
+74242670490
+74242670509
+74242670561
+74242670564
+74242670569
+74242670620
+74242670631
+74242670660
+74242670667
+74242670673
+74242670675
+74242670690
+74242670694
+74242670716
+74242670717
+74242670718
+74242670733
+74242670737
+74242670753
+74242670773
+74242670804
+74242670806
+74242670809
+74242670815
+74242670841
+74242670854
+74242670860
+74242670877
+74242670972
+74242670978
+74242670979
+74242670997
+74242671018
+74242671036
+74242671044
+74242671070
+74242671071
+74242671088
+74242671104
+74242671131
+74242671323
+74242671326
+74242671337
+74242671350
+74242671509
+74242671527
+74242671580
+74242671581
+74242671695
+74242671747
+74242671755
+74242671757
+74242671771
+74242671774
+74242671775
+74242671808
+74242671834
+74242671868
+74242672106
+74242672108
+74242672109
+74242672110
+74242672113
+74242672114
+74242672115
+74242672117
+74242672119
+74242672227
+74242672305
+74242672333
+74242672337
+74242672367
+74242672369
+74242672388
+74242672464
+74242672478
+74242672504
+74242672512
+74242672576
+74242672577
+74242672578
+74242672579
+74242672582
+74242672583
+74242672584
+74242672586
+74242672591
+74242672687
+74242672690
+74242672710
+74242672726
+74242672745
+74242672753
+74242672813
+74242672815
+74242672851
+74242672868
+74242672873
+74242672895
+74242672902
+74242672904
+74242672948
+74242672950
+74242672952
+74242672961
+74242672962
+74242705831
+74242714828
+74242720119
+74242720720
+74242721279
+74242721289
+74242721369
+74242722213
+74242722526
+74242722585
+74242722714
+74242722769
+74242722975
+74242723059
+74242723414
+74242723432
+74242724041
+74242724226
+74242724509
+74242724632
+74242724666
+74242725093
+74242725216
+74242727172
+74242727277
+74242727557
+74242727583
+74242727900
+74242727969
+74242728296
+74242728332
+74242728366
+74242728473
+74242728493
+74242728543
+74242729481
+74242733088
+74242733332
+74242734374
+74242734575
+74242735528
+74242736829
+74242750791
+74242750865
+74242750937
+74242751233
+74242751666
+74242752328
+74242753737
+74242753892
+74242754304
+74242755219
+74242757575
+74242760435
+74242760536
+74242761161
+74242763396
+74242763620
+74242763626
+74242770202
+74242770532
+74242772315
+74242772336
+74242774315
+74242779162
+74242791628
+74242791882
+74242797340
+74242797446
+74242797585
+74243142272
+74243142300
+74243142304
+74243142746
+74243143535
+74243144029
+74243144264
+74243144541
+74243150154
+74243150174
+74243150603
+74243150659
+74243150661
+74243150735
+74243150751
+74243150833
+74243150899
+74243155192
+74243155272
+74243155336
+74243155353
+74243155447
+74243155477
+74243155556
+74243156000
+74243156003
+74243156004
+74243197312
+74243216666
+74243231665
+74243232563
+74243232703
+74243243023
+74243243031
+74243243056
+74243243061
+74243243063
+74243243092
+74243243722
+74243243821
+74243243829
+74243244180
+74243244300
+74243244419
+74243244578
+74243244666
+74243244702
+74243245015
+74243245628
+74243245681
+74243245734
+74243246102
+74243320160
+74243320196
+74243320207
+74243320274
+74243320342
+74243320419
+74243320495
+74243320512
+74243320523
+74243320556
+74243320982
+74243320985
+74243321001
+74243321003
+74243321168
+74243321226
+74243321431
+74243321437
+74243321491
+74243340002
+74243340064
+74243340075
+74243340076
+74243340080
+74243340113
+74243341000
+74243341002
+74243341005
+74243342205
+74243350038
+74243351747
+74243352000
+74243355373
+74243358265
+74243370225
+74243371517
+74243398138
+74243398223
+74243398235
+74243398240
+74243442014
+74243442049
+74243442147
+74243442211
+74243442225
+74243442252
+74243442329
+74243442359
+74243442370
+74243442471
+74243442478
+74243442491
+74243442515
+74243442650
+74243443005
+74243443013
+74243443169
+74243443274
+74243443296
+74243443460
+74243443463
+74243443575
+74243443600
+74243443811
+74243443944
+74243444054
+74243444149
+74243444151
+74243444598
+74243445171
+74243445189
+74243445245
+74243445600
+74243445902
+74243494132
+74243494171
+74243520209
+74243540086
+74243540142
+74243540431
+74243540450
+74243540529
+74243540533
+74243540542
+74243540545
+74243540560
+74243540590
+74243540592
+74243540597
+74243540925
+74243541041
+74243541154
+74243541180
+74243541181
+74243541272
+74243541403
+74243541424
+74243541449
+74243542007
+74243543409
+74243544354
+74243544450
+74243544639
+74243544663
+74243620066
+74243660022
+74243660042
+74243660046
+74243660135
+74243660322
+74243660395
+74243660436
+74243660539
+74243660812
+74243660935
+74243661009
+74243661066
+74243661309
+74243661312
+74243661475
+74243661962
+74243662268
+74243662337
+74243662438
+74243662691
+74243662837
+74243662838
+74243662839
+74243665236
+74243665294
+74243665447
+74243665670
+74243697456
+74243698301
+74243722937
+74243723517
+74243730140
+74243730518
+74243730642
+74243730668
+74243731855
+74243732142
+74243732223
+74243732226
+74243732420
+74243732485
+74243732491
+74243732557
+74243732566
+74243732696
+74243732711
+74243732787
+74243732914
+74243732937
+74243733163
+74243733466
+74243733525
+74243733830
+74243733975
+74243733988
+74243734249
+74243734251
+74243734340
+74243734412
+74243734431
+74243734459
+74243734552
+74243734909
+74243734932
+74243734939
+74243734941
+74243735066
+74243735397
+74243735680
+74243735793
+74243735913
+74243736980
+74243737376
+74243737885
+74243739100
+74243744848
+74243744853
+74243744890
+74243745150
+74243745213
+74243745570
+74243745689
+74243750191
+74243750540
+74243750699
+74243750700
+74243750707
+74243750737
+74243750752
+74243750757
+74243750760
+74243750782
+74243753525
+74244140017
+74244140295
+74244140301
+74244140345
+74244140372
+74244140379
+74244140385
+74244140391
+74244140400
+74244140409
+74244141028
+74244141056
+74244141204
+74244141358
+74244141521
+74244141523
+74244141652
+74244141732
+74244141819
+74244142115
+74244142676
+74244142805
+74244142876
+74244151353
+74244154126
+74244220941
+74244226045
+74244226074
+74244226149
+74244226160
+74244226232
+74244226266
+74244226859
+74244226867
+74244227082
+74244227293
+74244227424
+74244227447
+74244227474
+74244227554
+74244227560
+74244227661
+74244227677
+74244227685
+74244227820
+74244227925
+74244227956
+74244227994
+74244228351
+74244228376
+74244228408
+74244228523
+74244228585
+74244228787
+74244342252
+74244343107
+74244350196
+74244350292
+74244350316
+74244350648
+74244350708
+74244352077
+74244352150
+74244352292
+74244352313
+74244352491
+74244390108
+74244390121
+74244390124
+74244390126
+74244390130
+74244390139
+74244390145
+74244390146
+74244390151
+74244390160
+74244390166
+74244390171
+74244390172
+74244390176
+74244390181
+74244390182
+74244390183
+74244390184
+74244390187
+74244390193
+74244390195
+74244390203
+74244390204
+74244390205
+74244390206
+74244390207
+74244390208
+74244390210
+74244390219
+74244439010
+74244491037
+74244491129
+74244491143
+74244491201
+74244491478
+74244491579
+74244491717
+74244491785
+74244491792
+74244492116
+74244492117
+74244492166
+74244492183
+74244492717
+74244492980
+74244493007
+74244493008
+74244494191
+74244496167
+74244496280
+74244496479
+74244496525
+74244496815
+74244496911
+74244496939
+74244497022
+74244497043
+74244497082
+74244497172
+74244497188
+74244497363
+74244497369
+74244497500
+74244497663
+74244497753
+74244497773
+74244497902
+74244497913
+74244498327
+74244498508
+74244499037
+74244626003
+74244626047
+74244626058
+74244626116
+74244626125
+74244626173
+74244626175
+74244626177
+74244626206
+74244626232
+74244626306
+74244626336
+74244626353
+74244626369
+74244626461
+74244626523
+74244626572
+74244626636
+74244626753
+74244626758
+74244626799
+74244626961
+74244626962
+74244627077
+74244627085
+74244627395
+74244627498
+74244627502
+74244631007
+74244721100
+74244721290
+74244721374
+74244721564
+74244721631
+74244721744
+74244722184
+74244722441
+74244722510
+74244722746
+74244722886
+74244742701
+74244791005
+74244791012
+74244791021
+74244791040
+74244791041
+74244791045
+74244791079
+74244791093
+74244791124
+74244793160
+74244795190
+74244795199
+74244795283
+74244795402
+74245241098
+74245241203
+74245241295
+74245241297
+74245241391
+74245241481
+74245241945
+74245241984
+74245242027
+74245242033
+74245242062
+74245242181
+74245242199
+74245242353
+74245242474
+74245242680
+74245243001
+74245248199
+74245321040
+74245321060
+74245321090
+74245321147
+74245321338
+74245321357
+74245321396
+74245321453
+74245321655
+74245321666
+74245321713
+74245321986
+74245342119
+74245342135
+74245342143
+74245342144
+74245342181
+74245342229
+74245342247
+74245442166
+74245442180
+74245442256
+74245442298
+74245442363
+74245442393
+74245442403
+74245442443
+74245442810
+74245442839
+74245442883
+74245442934
+74245443020
+74245521104
+74245521125
+74245521184
+74245521204
+74245521222
+74245521348
+74245521398
+74245521452
+74245521497
+74245521592
+74245521616
+74245521701
+74245521770
+74245521952
+74245521953
+74245521999
+74245522000
+74245522115
+74245522189
+74245522200
+74245522571
+74245522685
+74245522686
+74245522689
+74245522690
+74245522869
+74245524315
+74245596094
+74245596545
+74245596575
+74245596577
+74245596648
+74248510057
+74249957941
+74343243063
+74343661475
+74545521497
+74744721631
+74744722441
+74956053139
+74956053240
+75221347272
+77233679147
+78402450363
+78424242199
+78424334431
+78712628538
+79000273756
+79000737026
+79000760496
+79000945382
+79001258275
+79003010689
+79003029578
+79003033958
+79004251290
+79004263000
+79004269999
+79004272680
+79004274330
+79004290317
+79004297706
+79004300005
+79004301515
+79004308157
+79004310141
+79004312961
+79004329127
+79004334999
+79004342502
+79004348558
+79004948807
+79006615667
+79006622580
+79006647348
+79006647564
+79006648631
+79006650909
+79006658989
+79006667127
+79006672810
+79006675491
+79006675852
+79006790298
+79009267604
+79009267764
+79009281786
+79009452648
+79009458967
+79009469666
+79009483305
+79009524395
+79009615239
+79009634757
+79010546562
+79010546636
+79011773375
+79011935947
+79012997156
+79013292818
+79020676867
+79020992481
+79021612380
+79022851700
+79023130701
+79023854677
+79025589554
+79025705614
+79025712184
+79025730900
+79025748230
+79025748530
+79025753900
+79026082557
+79026512923
+79026532146
+79026545453
+79029284946
+79029670608
+79031576457
+79033166992
+79033401309
+79033725108
+79033763414
+79034369941
+79034415510
+79034486462
+79034536177
+79034540970
+79034665774
+79034672792
+79034675977
+79035475609
+79036290499
+79036525188
+79038918337
+79042128215
+79042644018
+79043442963
+79044052773
+79044206666
+79044235240
+79044404151
+79045014653
+79045097336
+79047528565
+79047584317
+79047705655
+79047725284
+79047742963
+79047777381
+79048016355
+79048135399
+79049469693
+79050511220
+79050616380
+79052010003
+79052885948
+79052901151
+79053332035
+79053353618
+79053355656
+79053944005
+79053960985
+79054344029
+79054564303
+79054875005
+79056328758
+79056548220
+79056913276
+79058145861
+79061650154
+79061668444
+79061736654
+79061746469
+79061855185
+79062872231
+79064065720
+79064148099
+79064194290
+79064282929
+79064303353
+79064726825
+79064990442
+79066700848
+79066702948
+79069740174
+79080398413
+79080399699
+79080507901
+79080585394
+79080791539
+79081291119
+79081339483
+79081397450
+79081468792
+79081701966
+79081850187
+79081943672
+79081965470
+79082122597
+79084649466
+79085583035
+79092802751
+79093642650
+79093785352
+79093878367
+79094158586
+79094199903
+79094554158
+79098058246
+79101623438
+79102458460
+79102868812
+79103409906
+79103416469
+79103471065
+79106159893
+79106165789
+79106637332
+79106806100
+79107897197
+79108178782
+79108271043
+79108646839
+79109647936
+79109675051
+79109775506
+79110020917
+79111242883
+79111361804
+79111711531
+79112248056
+79112788880
+79115039009
+79117992015
+79118369871
+79119025622
+79119225970
+79119252162
+79119263598
+79119270391
+79119986264
+79120176220
+79120830600
+79126216164
+79128086477
+79130000000
+79130689921
+79131769268
+79132081163
+79132431484
+79134558591
+79135293143
+79135341957
+79135358522
+79137527572
+79137675464
+79137745481
+79137818011
+79138382384
+79139087621
+79140401765
+79140632560
+79140832604
+79140832626
+79140840615
+79140842976
+79140845743
+79140858308
+79140861183
+79140864610
+79140865747
+79140866010
+79140867172
+79140869394
+79140870069
+79140870166
+79140874113
+79140875012
+79140876148
+79140877942
+79140880209
+79140880806
+79140881045
+79140883505
+79140885606
+79140886336
+79140888333
+79140888408
+79140890093
+79140893748
+79140905939
+79140906237
+79140910884
+79140913126
+79140913287
+79140923382
+79140923716
+79140923829
+79140929013
+79140929928
+79140931186
+79140931455
+79140932560
+79140947806
+79140949088
+79140950468
+79140951011
+79140951851
+79140958917
+79140961800
+79140963111
+79140965449
+79140968984
+79140970755
+79140972022
+79140975300
+79140976425
+79140981064
+79140997683
+79141460480
+79141477900
+79141737645
+79141930235
+79143364263
+79143894773
+79143994250
+79144014832
+79144120807
+79144335353
+79144434310
+79145562356
+79145652367
+79145742433
+79145792953
+79145845055
+79145923981
+79146075255
+79146285815
+79146400101
+79146400947
+79146402316
+79146405223
+79146406858
+79146407802
+79146410845
+79146411028
+79146412103
+79146421370
+79146422586
+79146426611
+79146427195
+79146431887
+79146434183
+79146434523
+79146437575
+79146440133
+79146440345
+79146444134
+79146445000
+79146449342
+79146450093
+79146450714
+79146450743
+79146454409
+79146457536
+79146458142
+79146458809
+79146460530
+79146461331
+79146461784
+79146468117
+79146470008
+79146472509
+79146473492
+79146473535
+79146475745
+79146476173
+79146481343
+79146481535
+79146485405
+79146489208
+79146490911
+79146492559
+79146492663
+79146492977
+79146496716
+79146537118
+79146556907
+79146727975
+79147400112
+79147404373
+79147404422
+79147404898
+79147406622
+79147409491
+79147413141
+79147416000
+79147417996
+79147424454
+79147426261
+79147427053
+79147428235
+79147431702
+79147433112
+79147433176
+79147435390
+79147435467
+79147435697
+79147442599
+79147445139
+79147451500
+79147451554
+79147452507
+79147453783
+79147454556
+79147458757
+79147460480
+79147462475
+79147462476
+79147463915
+79147464236
+79147464252
+79147472616
+79147473323
+79147475081
+79147476219
+79147477900
+79147479302
+79147479880
+79147480006
+79147481597
+79147482638
+79147483458
+79147487473
+79147490814
+79147502180
+79147503580
+79147503752
+79147508894
+79147509917
+79147510273
+79147510940
+79147513161
+79147513393
+79147515223
+79147523108
+79147527235
+79147529756
+79147531626
+79147535010
+79147536030
+79147536157
+79147540419
+79147540588
+79147541486
+79147541835
+79147542027
+79147542264
+79147544226
+79147549299
+79147550199
+79147550331
+79147551086
+79147551214
+79147551948
+79147552595
+79147552788
+79147554239
+79147554597
+79147555220
+79147555536
+79147555905
+79147556432
+79147556956
+79147557902
+79147558029
+79147558528
+79147560420
+79147561339
+79147562705
+79147564521
+79147565862
+79147566218
+79147566377
+79147566560
+79147567600
+79147568007
+79147568710
+79147568948
+79147570973
+79147571146
+79147573818
+79147575920
+79147578381
+79147579963
+79147582561
+79147582829
+79147583031
+79147583935
+79147583989
+79147587288
+79147588332
+79147588745
+79147589039
+79147597369
+79147598226
+79147598428
+79147598704
+79147598880
+79147598963
+79147601001
+79147601368
+79147602285
+79147602863
+79147603912
+79147604073
+79147604543
+79147606562
+79147610257
+79147613003
+79147615856
+79147617591
+79147618444
+79147622447
+79147624137
+79147625372
+79147626346
+79147627241
+79147628140
+79147634703
+79147640642
+79147641716
+79147643240
+79147643826
+79147646564
+79147647765
+79147648262
+79147648394
+79147650732
+79147651374
+79147656460
+79147657173
+79147657271
+79147659373
+79147659800
+79147660070
+79147663314
+79147670890
+79147671458
+79147673303
+79147673663
+79147676388
+79147677007
+79147681908
+79147684970
+79147687368
+79147693000
+79147892398
+79148461554
+79149659835
+79150247528
+79150258994
+79150380273
+79150401163
+79153176575
+79155425090
+79155443569
+79155462588
+79155850494
+79155856741
+79156272396
+79157345633
+79158757655
+79159608617
+79159637083
+79159659502
+79159799566
+79159834154
+79159845641
+79159847800
+79159933809
+79159983544
+79161501630
+79162329181
+79162396823
+79163017808
+79163017881
+79163840117
+79163841835
+79163842737
+79163843709
+79163843769
+79163845303
+79163845347
+79163845562
+79163847091
+79163848152
+79163848314
+79163848362
+79163850210
+79163860102
+79163862484
+79163864025
+79163864909
+79163865261
+79163865316
+79163865639
+79163866086
+79163866135
+79163866502
+79163866504
+79163866589
+79163867071
+79163867880
+79163869786
+79163870994
+79163877558
+79166749216
+79166761340
+79167906387
+79168484793
+79173068566
+79173366576
+79173376375
+79174824468
+79176405406
+79176432818
+79176434456
+79176467711
+79176469799
+79177206456
+79177208224
+79177238422
+79177268565
+79177277820
+79177833287
+79178316192
+79178356364
+79178363194
+79178435559
+79179005298
+79180051242
+79180384547
+79180924547
+79181157332
+79181301600
+79182272902
+79183291751
+79184104839
+79184164089
+79185081987
+79185163489
+79185207309
+79185288825
+79185338315
+79185442760
+79185637775
+79185674630
+79185698686
+79185762468
+79185784498
+79186901417
+79187020245
+79189693508
+79189785728
+79191627130
+79192358871
+79192360295
+79192368355
+79192382852
+79192385589
+79192386814
+79192399614
+79192413866
+79192468402
+79192498377
+79193629024
+79193957629
+79195414876
+79195417317
+79195427186
+79195428664
+79196048188
+79196156763
+79197580008
+79197845927
+79197922220
+79197929874
+79197949422
+79197965736
+79197990414
+79197992067
+79198920550
+79198952277
+79199451957
+79199820600
+79199821445
+79199881683
+79201057459
+79201075297
+79201140568
+79201427802
+79201486378
+79201497880
+79202205675
+79202230015
+79202296910
+79204051320
+79204056166
+79204071590
+79204098324
+79204192664
+79204231996
+79204299711
+79204306489
+79204316454
+79204327963
+79204330533
+79204455101
+79204556088
+79204578943
+79204579610
+79204817775
+79206506032
+79206521484
+79206539969
+79206663969
+79209562506
+79209751013
+79210429779
+79210437200
+79212750935
+79213364276
+79213859786
+79214295788
+79215730690
+79215834772
+79218906422
+79219479005
+79219676214
+79222273775
+79227167413
+79227354461
+79228734177
+79228816932
+79231348842
+79231404806
+79231673375
+79232464370
+79233052090
+79233315282
+79233561334
+79234507215
+79237305432
+79237580907
+79237937122
+79241800000
+79241800230
+79241802345
+79241802959
+79241804495
+79241804905
+79241805026
+79241808087
+79241808323
+79241809291
+79241809306
+79241810166
+79241811157
+79241811584
+79241813336
+79241815161
+79241819423
+79241821763
+79241821872
+79241822384
+79241824807
+79241825373
+79241827896
+79241829595
+79241832558
+79241833255
+79241833611
+79241834071
+79241835235
+79241835687
+79241836802
+79241837185
+79241837202
+79241837491
+79241837916
+79241839446
+79241840386
+79241840662
+79241841794
+79241843875
+79241844229
+79241848073
+79241848866
+79241850777
+79241851331
+79241853287
+79241858599
+79241860457
+79241860534
+79241860661
+79241860924
+79241863155
+79241863210
+79241863254
+79241867220
+79241867251
+79241867857
+79241868336
+79241868620
+79241869748
+79241872575
+79241873164
+79241873230
+79241874033
+79241875510
+79241876573
+79241877666
+79241877714
+79241878070
+79241879261
+79241880123
+79241880362
+79241882407
+79241883445
+79241885430
+79241886470
+79241888157
+79241888489
+79241889100
+79241894383
+79241895665
+79241897935
+79241898798
+79241900034
+79241900304
+79241900738
+79241900971
+79241901937
+79241904711
+79241906190
+79241907596
+79241908585
+79241908928
+79241909536
+79241910102
+79241911715
+79241912070
+79241912263
+79241912894
+79241916645
+79241918947
+79241919914
+79241920837
+79241921140
+79241921334
+79241924373
+79241925553
+79241926546
+79241929665
+79241930235
+79241930998
+79241931394
+79241931800
+79241933108
+79241933973
+79241934418
+79241934651
+79241934661
+79241935226
+79241935234
+79241937945
+79241941424
+79241941615
+79241941677
+79241948480
+79241949555
+79241950099
+79241950201
+79241956373
+79241960185
+79241960581
+79241960620
+79241960698
+79241960720
+79241960725
+79241961077
+79241961186
+79241961819
+79241962134
+79241962745
+79241964413
+79241968947
+79241969892
+79241971756
+79241973067
+79241974711
+79241979091
+79241980051
+79241985130
+79241986409
+79241986477
+79241986559
+79241988945
+79241989871
+79241991304
+79241991826
+79241995456
+79241995543
+79241998912
+79241999594
+79241999919
+79242143837
+79242804811
+79242804905
+79242806066
+79242807526
+79242808618
+79242809405
+79242810134
+79242810398
+79242811177
+79242811968
+79242812823
+79242813748
+79242816941
+79242816945
+79242816999
+79242821810
+79242821942
+79242823029
+79242825212
+79242826978
+79242827088
+79242829662
+79242829733
+79242832569
+79242835703
+79242836101
+79242837237
+79242838134
+79242838702
+79242838947
+79242839379
+79242840019
+79242841560
+79242843001
+79242843376
+79242844014
+79242845262
+79242848303
+79242848637
+79242849186
+79242855323
+79242855566
+79242857652
+79242859833
+79242859883
+79242860373
+79242860540
+79242866679
+79242868127
+79242868581
+79242868669
+79242868677
+79242868997
+79242869540
+79242870691
+79242871717
+79242872503
+79242872794
+79242874170
+79242881004
+79242885256
+79242889100
+79243075000
+79243147382
+79243362180
+79243448883
+79243494132
+79243704462
+79243908708
+79244081201
+79244147711
+79244800013
+79244801529
+79244808701
+79244811578
+79244820739
+79244820860
+79244826255
+79244826608
+79244828036
+79244829674
+79244830982
+79244831903
+79244833096
+79244835653
+79244837405
+79244838859
+79244845906
+79244849698
+79244851512
+79244852250
+79244853190
+79244880838
+79244883188
+79244884305
+79244885328
+79244886608
+79244892101
+79244896708
+79244901483
+79244909070
+79244915660
+79244942490
+79244953135
+79244956677
+79244957842
+79244970013
+79244990050
+79245005777
+79247695171
+79248752350
+79248800280
+79248801036
+79248801212
+79248804010
+79248804190
+79248804823
+79248805358
+79248810309
+79248880011
+79248880111
+79248880423
+79248884487
+79250724775
+79256274331
+79260143816
+79261793139
+79268489556
+79270604347
+79270623270
+79270623367
+79270641030
+79270664994
+79270668801
+79270754622
+79270784178
+79271986409
+79272519911
+79272524064
+79272525173
+79272532189
+79272560049
+79272595747
+79273378644
+79273920188
+79275018699
+79275157839
+79275222420
+79275343541
+79275416140
+79275419633
+79275473379
+79275741082
+79280083128
+79280134420
+79280189895
+79280231130
+79280251405
+79281003083
+79281061328
+79281062648
+79281078317
+79281103555
+79281113470
+79281150070
+79281183210
+79281195696
+79281207943
+79281266255
+79281330151
+79281336501
+79281370706
+79281456030
+79281463344
+79281469424
+79281474028
+79281494552
+79281510962
+79281511709
+79281554405
+79281568842
+79281614882
+79281654798
+79281674945
+79281761288
+79281779080
+79281801935
+79281820292
+79282011242
+79282084517
+79282119111
+79282210798
+79282251642
+79282394354
+79282607795
+79282628394
+79282700877
+79282711184
+79282799521
+79282923529
+79282939227
+79283033933
+79283293998
+79283304722
+79283320550
+79283347959
+79284104753
+79284227000
+79284712656
+79284915562
+79284968069
+79285343067
+79285486717
+79286010985
+79286019692
+79286035305
+79286060961
+79286093220
+79286122220
+79286152670
+79286199127
+79286581934
+79286909393
+79286946835
+79287002412
+79287003127
+79287498983
+79287518680
+79287540556
+79287555598
+79287708610
+79288422725
+79288453828
+79289008234
+79289049233
+79289059080
+79289079271
+79289555157
+79289643507
+79290068279
+79290666004
+79292745073
+79293217719
+79294444480
+79294460024
+79294463433
+79294464269
+79294465411
+79294466595
+79295655101
+79297826532
+79297826844
+79297827775
+79297854985
+79297879112
+79298028859
+79298092976
+79298870746
+79301044392
+79301178793
+79303772233
+79304050268
+79304071533
+79304102604
+79304121084
+79304233251
+79307500456
+79312243304
+79319699273
+79320110460
+79323381615
+79328419966
+79333379587
+79339950307
+79370814322
+79370846399
+79370848439
+79370875169
+79370886300
+79370912087
+79370923000
+79374262069
+79374319320
+79375013515
+79375311819
+79375313195
+79375318575
+79375340290
+79375353995
+79375365109
+79375366522
+79375386418
+79375392027
+79375428552
+79375459488
+79375471692
+79375472220
+79375489755
+79375640587
+79375646470
+79375659127
+79375665966
+79375677800
+79376553680
+79376921353
+79376929003
+79376940688
+79376962475
+79376962557
+79376962926
+79376963719
+79376964100
+79376965778
+79376965805
+79376965809
+79376968303
+79376977377
+79377076979
+79377090005
+79377114522
+79377200042
+79377201666
+79377244665
+79377273340
+79377289894
+79377316561
+79377385588
+79377398045
+79377408883
+79377477877
+79377514468
+79380021232
+79380124055
+79380155327
+79381015037
+79381146166
+79381176212
+79381266236
+79381553055
+79383081666
+79383148013
+79384282352
+79385174011
+79385244529
+79388864555
+79407111192
+79409910193
+79424373490
+79424497022
+79504328370
+79504919354
+79505465031
+79507230316
+79507547234
+79507675909
+79507678775
+79507770600
+79507789695
+79508455984
+79508513318
+79508598228
+79510015553
+79513298393
+79514646268
+79514646805
+79514675621
+79514801681
+79514949036
+79515037560
+79515128482
+79515474925
+79515488472
+79515537141
+79515549705
+79515613616
+79515670797
+79515692575
+79515880599
+79516589869
+79516819211
+79517703787
+79517794144
+79517955816
+79518084497
+79518225901
+79518441774
+79518508107
+79518682884
+79518731177
+79518733979
+79521013056
+79521018917
+79521049423
+79521089988
+79524163281
+79524176431
+79525106719
+79525127741
+79525434053
+79525498873
+79525545756
+79525777797
+79525924324
+79527537668
+79528799948
+79534472706
+79536222921
+79537394891
+79539262704
+79539693372
+79601082469
+79601138396
+79601257648
+79601907969
+79603205930
+79603269417
+79604026174
+79604487463
+79604635079
+79604826070
+79605835888
+79606588406
+79607124874
+79608809196
+79608889669
+79608897155
+79610612459
+79610618418
+79610623435
+79610645667
+79610682113
+79610722220
+79610820558
+79610838012
+79610871583
+79610880222
+79611617186
+79612777749
+79612787258
+79612801153
+79613233972
+79613234653
+79614838128
+79614899978
+79615469929
+79616595150
+79616599459
+79616653494
+79616692057
+79616707726
+79616709804
+79616720883
+79616769191
+79616808160
+79616829899
+79616876871
+79616982896
+79617416372
+79618473075
+79618897044
+79621008186
+79621008800
+79621016437
+79621020634
+79621021194
+79621027825
+79621028787
+79621030953
+79621031133
+79621034155
+79621038751
+79621046560
+79621056079
+79621059993
+79621061350
+79621073432
+79621075989
+79621081411
+79621088633
+79621090903
+79621097112
+79621105874
+79621114567
+79621116413
+79621117738
+79621117783
+79621118363
+79621138088
+79621142222
+79621142241
+79621154485
+79621157274
+79621168615
+79621177166
+79621191945
+79621193498
+79621194775
+79621201690
+79621206167
+79621209612
+79621214414
+79621217959
+79621218636
+79621221336
+79621228377
+79621231622
+79621232626
+79621232910
+79621236761
+79621237786
+79621237879
+79621249371
+79621252255
+79621252722
+79621253432
+79621258583
+79621267343
+79621270386
+79621270502
+79621274498
+79621275013
+79621283019
+79621294161
+79621435008
+79621520984
+79621535189
+79621542215
+79621544815
+79621547340
+79621549816
+79621623954
+79621963889
+79623250798
+79624140013
+79624142077
+79624153664
+79624163239
+79624164386
+79624166299
+79624166335
+79624169797
+79624191562
+79624191623
+79624193169
+79624193524
+79624301830
+79624438862
+79625368874
+79625800465
+79625800555
+79625804237
+79625807871
+79625810302
+79625813670
+79625815755
+79625816577
+79625816688
+79627453033
+79627602400
+79627617949
+79628531365
+79629993673
+79630998441
+79632894711
+79632896775
+79632898157
+79632899027
+79632899453
+79633837965
+79638924754
+79638963018
+79641836363
+79643680568
+79644828677
+79646105736
+79647070799
+79655951879
+79663724426
+79667890188
+79667899432
+79674485276
+79674716464
+79676026073
+79676600701
+79676673226
+79676742815
+79682613000
+79682695913
+79682792298
+79696593675
+79773381027
+79778153074
+79802417727
+79802459916
+79803072134
+79803441472
+79803471747
+79805306234
+79805328743
+79805339246
+79805359218
+79805402365
+79805404246
+79805407768
+79805429687
+79805437223
+79805487923
+79805529395
+79805560942
+79805592792
+79806373144
+79806561317
+79806569689
+79806584919
+79806635862
+79806637263
+79807001044
+79807097025
+79807429748
+79807443657
+79807491257
+79807716834
+79809999957
+79811310601
+79812527443
+79816898577
+79818729749
+79819667571
+79823381178
+79823622537
+79824520554
+79827476434
+79831168482
+79832304931
+79832922162
+79833612696
+79833730080
+79835007640
+79841303201
+79841309057
+79841310601
+79841314199
+79841314956
+79841316928
+79841327382
+79841336193
+79841342193
+79841343704
+79841359244
+79841366373
+79841370719
+79841372362
+79841385403
+79841386108
+79841386469
+79841390227
+79841392474
+79841393202
+79841800483
+79841804162
+79841806255
+79841806931
+79841807882
+79841810263
+79841811340
+79841815764
+79841821722
+79841827289
+79841832074
+79841835698
+79841835823
+79841837162
+79841837871
+79841841103
+79841846443
+79841847502
+79842962920
+79842986232
+79842996983
+79844540970
+79851000611
+79851253732
+79851495236
+79852995553
+79853179764
+79853873403
+79855265505
+79855578297
+79856438088
+79857600205
+79857600944
+79857601322
+79857602968
+79857603102
+79857603106
+79857604103
+79857604104
+79857604392
+79857605021
+79857605263
+79857606389
+79857606626
+79857607002
+79857607174
+79857607470
+79857607621
+79857607808
+79857608163
+79857608204
+79857608414
+79857608504
+79857608529
+79857608937
+79857608963
+79857610268
+79857610336
+79857611271
+79857611272
+79857611741
+79857613023
+79857613204
+79857613205
+79857613690
+79857614109
+79857614684
+79857617066
+79857617517
+79857617580
+79857617796
+79857617930
+79857618194
+79857618348
+79857618401
+79857619031
+79857619047
+79857619081
+79857619733
+79857619894
+79857620040
+79857621677
+79857622335
+79857623537
+79857624648
+79857624739
+79857625969
+79857626202
+79857628108
+79857628283
+79857628442
+79857628479
+79857628621
+79857628914
+79857629028
+79857629029
+79857629601
+79857630552
+79857631202
+79857631345
+79857631496
+79857631870
+79857631912
+79857631939
+79857632312
+79857632351
+79857632422
+79857632496
+79857632729
+79857633032
+79857633693
+79857633742
+79857633973
+79857634090
+79857634758
+79857634812
+79857634839
+79857635659
+79857636017
+79857636037
+79857636110
+79857636386
+79857636391
+79857637220
+79857637900
+79857640538
+79857640680
+79857640789
+79857640829
+79857641503
+79857641621
+79857641623
+79857641812
+79857641836
+79857641924
+79857641942
+79857641987
+79857642041
+79857642065
+79857642152
+79857642247
+79857642284
+79857642335
+79857642362
+79857642371
+79857642648
+79857642832
+79857642922
+79857642977
+79857642994
+79857643012
+79857643079
+79857643139
+79857643315
+79857643749
+79857643795
+79857643822
+79857643834
+79857643877
+79857643882
+79857643884
+79857644011
+79857644025
+79857644049
+79857644074
+79857644152
+79857644204
+79857644208
+79857644235
+79857644238
+79857644290
+79857644314
+79857644324
+79857644340
+79857644396
+79857644665
+79857644680
+79857644688
+79857644741
+79857644756
+79857644761
+79857644766
+79857644767
+79857644782
+79857644861
+79857644877
+79857644921
+79857644939
+79857644959
+79857645080
+79857645123
+79857645218
+79857645313
+79857645479
+79857645579
+79857645807
+79857645862
+79857645868
+79857646022
+79857646105
+79857646117
+79857646224
+79857646242
+79857646267
+79857646290
+79857646707
+79857646758
+79857646780
+79857646799
+79857646871
+79857646925
+79857646926
+79857646967
+79857647113
+79857647119
+79857647173
+79857647229
+79857647262
+79857647497
+79857647519
+79857647529
+79857647547
+79857648235
+79857648420
+79857648653
+79857648695
+79857648703
+79857648808
+79857649152
+79857649180
+79857649537
+79857649714
+79857649728
+79857649735
+79857649803
+79857649884
+79857650210
+79857650319
+79857650839
+79857650925
+79857651049
+79857651254
+79857651283
+79857651634
+79857652052
+79857652091
+79857652096
+79857652177
+79857652569
+79857652692
+79857652850
+79857653302
+79857653403
+79857653522
+79857654717
+79857654864
+79857655008
+79857655041
+79857655080
+79857655117
+79857655205
+79857656748
+79857656890
+79857656978
+79857657537
+79857657815
+79857657875
+79857657942
+79857658119
+79857658126
+79857658127
+79857658144
+79857658551
+79857658573
+79857659575
+79857659647
+79857659668
+79857659736
+79857660215
+79857660252
+79857660434
+79857660521
+79857662217
+79857662543
+79857663115
+79857663221
+79857663237
+79857663239
+79857663250
+79857663411
+79857663674
+79857663761
+79857663806
+79857664022
+79857664167
+79857664286
+79857664736
+79857664744
+79857664819
+79857664879
+79857665134
+79857665437
+79857665607
+79857665614
+79857665891
+79857665997
+79857666706
+79857666839
+79857666964
+79857666973
+79857666976
+79857667215
+79857667301
+79857667307
+79857667325
+79857667407
+79857667453
+79857667494
+79857667698
+79857667701
+79857667940
+79857667943
+79857668021
+79857668054
+79857668065
+79857668067
+79857668074
+79857668094
+79857668130
+79857668150
+79857668163
+79857668187
+79857668189
+79857668210
+79857668317
+79857668479
+79857668526
+79857668541
+79857668603
+79857668670
+79857668805
+79857668821
+79857669203
+79857669228
+79857669233
+79857669325
+79857669829
+79857669847
+79857669885
+79857670121
+79857670287
+79857670362
+79857670474
+79857670499
+79857670589
+79857670668
+79857670854
+79857670956
+79857670962
+79857671243
+79857671285
+79857671288
+79857671793
+79857671828
+79857671853
+79857671936
+79857671963
+79857671968
+79857672048
+79857672197
+79857672206
+79857672566
+79857672649
+79857672705
+79857672742
+79857672756
+79857672846
+79857672858
+79857672861
+79857673210
+79857673213
+79857673349
+79857673557
+79857673601
+79857673633
+79857673778
+79857673787
+79857673873
+79857673961
+79857673979
+79857674049
+79857674102
+79857674139
+79857674145
+79857674227
+79857674350
+79857674359
+79857674427
+79857674801
+79857674856
+79857674905
+79857674917
+79857674964
+79857675026
+79857675095
+79857675098
+79857675133
+79857675143
+79857675201
+79857675215
+79857675248
+79857675581
+79857675628
+79857675644
+79857675763
+79857675826
+79857676682
+79857676963
+79857676982
+79857677086
+79857677157
+79857677316
+79857677371
+79857677493
+79857677500
+79857677524
+79857677534
+79857677582
+79857677595
+79857677701
+79857677936
+79857678116
+79857678156
+79857679674
+79857680306
+79857680830
+79857682174
+79857689706
+79857689951
+79857690328
+79857691556
+79857691925
+79857692135
+79857692330
+79857692407
+79857692437
+79857692620
+79857692653
+79857692687
+79857692707
+79857692974
+79857692994
+79857693445
+79857696125
+79857698376
+79857698515
+79857698858
+79857698921
+79857698941
+79857699566
+79859642809
+79867911983
+79869681105
+79872021716
+79872423706
+79874950030
+79875039992
+79875142822
+79876414667
+79876428014
+79876474336
+79876526461
+79876536860
+79876540961
+79876554770
+79876557096
+79876571433
+79876577457
+79876613153
+79876759383
+79877185634
+79880007851
+79880019233
+79880021830
+79880155951
+79880235449
+79880241196
+79880377521
+79880390170
+79882513092
+79882532549
+79882555488
+79882587184
+79883992396
+79884773008
+79884971077
+79884980665
+79884989852
+79885201036
+79885222202
+79885731835
+79885916786
+79886110871
+79886918598
+79887681035
+79888323326
+79889521772
+79889646672
+79889706857
+79889994433
+79891789787
+79892939169
+79896304144
+79897086196
+79897162322
+79898530509
+79911132932
+79911168283
+79914581111
+79923048349
+79925555068
+79954119801
+79954291515
+79955953881
+79962412259
+79963432823
+79963437361
+79963442235
+79963446659
+79963812391
+79963817139
+79964029052
+79964086169
+79964187909
+79964305634
+79964502760
+79964511177
+79964516907
+79964837639
+79965090236
+79965094172
+79969264085
+79990401755
+79990701002
+79990803142
+79991103864
+79991566031
+79991573453
+79991650474
+79991682701
+79991773048
+79992133064
+79992341089
+79992343462
+79992400226
+79992469110
+79993818591
+79994427661
+79994506517
+79994511002
+79994521196
+79994565089
+79994624471
+79994634652
+79994647262
+79994667601
+79994672010
+79994717636
+79994722411
+79994724069
+79995116186
+79995287635
+79995313692
+79995331081
+79995482855
+79995488628
+79995692814
+79995813124
+79995836961
+79995843050
+79995852328
+79995858300
+79995867689
+79995884619
+79996062310
+79996118858
+79996271419
+79996289395
+79996290379
+79996294895
+79996323276
+79996811481
+79996932528
+79996988005
+79997193012
+79997202131
+79997216342
+79997419770
+79997650093
+79997901915
+79997902732
+79998093041
+79998492273
+79998744247
+79998747520
+79999628709
+79999999999
+74242240451
+74243660322
+74244491169
