+79263502900
+79151380593
+79268864060
+79262390052
+79250032508
+79257166933
+79161490561
+79262264699
+79265384373
+79142085949
+79250032514
+79263654603
+79263503837
+79262390966
+79165865801
+79060341421
+79671351001
+79055391502
+79653412340
+79037433619
+79057975537
+79263507262
+79167332833
+79162712383
+79262931077
+79112157759
+79256139428
+79261745767
+79104369404
+79857752120
+79263574214
+79144296757
+79119724115
+79169186558
+79852790200
+79164366235
+79167381460
+79260921204
+79175818801
+79250782670
+79777392677
+79269393060
+79265920207
+79260098970
+79859640015
+79209317750
+79851152403
+79296780180
+79055782626
+79267242307
+79265961266
+79269144790
+79163632328
+79153134391
+79683357695
+79268502652
+79167247781
+79281148362
+79108594916
+79818172413
+79067826789
+79269191903
+79647608205
+79035341246
+79858967979
+79647728899
+79060619827
+79266573685
+79111162861
+79167874026
+79091578511
+79657064619
+79851972916
+79166321512
+79263347830
+79295002236
+79262282908
+79266333232
+79206641369
+79163671660
+79263704388
+79165625447
+79180566424
+79104888050
+79104620895
+79175588905
+79091606339
+79153162051
+79267691295
+79031675353
+79210070702
+79096643561
+79276310463
+79167440910
+79265911528
+79671828980
+79261251483
+79632425855
+79168470934
+79168689636
+79850667295
+79818706889
+79118481565
+79263922403
+79263413816
+79167355700
+79035579044
+79299209998
+79261670077
+79039613615
+79264697976
+79262390283
+79032955065
+79267917137
+79169438252
+79857403443
+79162037257
+79111174950
+79663210484
+79164336037
+79671700991
+79262798387
+79250019066
+79162684368
+79151285488
+79266602209
+79262776065
+79267028854
+79263986621
+79819176240
+79255282737
+79258609607
+79162032228
+79998635334
+79269718884
+79773293630
+79163606692
+79263996960
+79059380899
+79994630988
+79262647153
+79154537404
+79117239106
+79855278639
+79296084680
+79266260291
+79260497978
+79658217796
+79265983109
+79164347455
+79154298854
+79854293496
+79150495876
+79150413012
+79099944912
+79855082164
+79261213774
+79999608279
+79262701068
+79269154451
+79167460040
+79175966884
+79168752043
+79250861302
+79032387076
+74999756925
+79672428990
+79154556873
+79295445377
+79175041363
+79252090935
+79253306569
+79647004501
+79639219526
+79163422943
+79169598089
+79775767357
+79231010434
+79661402341
+79055715423
+79852536691
+79215790950
+79031449065
+79777741329
+79057419411
+79688917458
+79262263398
+79260011161
+79262347790
+79261009019
+79991144777
+79060550595
+79060619827
+79035157448
+79184546397
+79030188957
+79991114777
+79818500300
+79266573685
+79811618000
+79266701329
+79653715576
+79032924242
+79296145458
+79163522300
+79036823930
+79637558877
+79266331085
+79639799031
+79262264605
+79262736404
+79264133403
+79263720466
+79265741630
+79266317866
+79299589996
+79639799031
+79308429972
+79262819199
+79152858627
+79162905997
+79261217037
+79261610106
+79030998976
+79803183969
+79992077686
+79160322652
+79857217774
+79299584869
+79263405153
+79263398633
+79652391385
+79255507111
+79057269321
+79251335521
+79685583029
+79263503796
+79067601102
+79262390534
+79267964967
+79269466657
+79152691995
+79175272848
+79385280336
+79034988674
+79885789464
+79153929900
+79055882015
+79162991376
+79265353438
+79773610297
+79150493115
+79031046466
+79057383633
+79263207308
+78514144368
+79161477664
+79265734891
+79035624112
+79852622049
+79686779295
+79167369118
+79154747323
+79262264055
+79265636992
+79067796780
+79108556261
+79197228806
+79268434079
+79099525302
+79060598527
+79852303903
+79999872421
+79153744900
+79153383147
+79154786776
+79684351156
+79165536589
+79253741476
+79268555716
+79108586187
+79269107400
+79091534141
+79852564287
+79688299054
+79267099405
+79151901504
+79251760188
+79250370121
+79260335248
+79265846122
+79208831716
+79067026180
+79105962624
+79264089396
+79268796800
+79261690128
+79031744704
+79096951354
+79167547747
+79688982208
+79260315435
+79254578961
+79647290368
+79374656290
+79811677371
+79147136661
+79856964710
+79164135051
+79999228470
+79254279934
+79296833643
+79999602763
+79313115416
+79266109990
+79060385055
+79859611663
+79163400745
+79168430808
+79175327132
+79645624513
+79151325512
+79160295295
+79787997533
+79295544565
+79853961240
+79114685986
+79152696662
+79266109275
+79774464544
+79169726827
+79262394618
+79269095367
+79261819626
+79269190604
+79164124284
+79268782399
+79264772441
+79168540291
+79057172346
+79151533053
+79032301730
+79265856035
+79268784014
+79168608477
+79160838934
+79851847534
+79654204044
+79637744541
+79254551216
+79015908822
+79295472489
+79295580958
+79296705851
+79165947116
+79253486013
+79169402394
+79850875214
+79262644926
+79065072557
+79998006904
+79151854793
+79523965686
+79208877288
+79266511791
+79256213461
+79046430621
+79313005587
+79267137699
+79169072303
+79163659567
+79250018900
+79629126005
+79150300018
+79269917390
+79850660821
+79998396409
+79775644977
+79995380908
+79150553484
+79777311826
+79811799376
+79141993132
+79036273440
+79697299868
+79777291425
+79254979060
+79150066465
+79265790381
+79150418465
+79603701282
+79296600481
+79261520365
+79265818796
+79261461334
+79852753928
+79060880689
+79221187229
+79263344376
+79645761873
+79992113588
+79267168837
+79265081532
+79261442053
+79150765865
+79269836680
+79999336703
+79168768092
+79252003733
+79104163434
+79264242484
+79852744032
+79017274032
+79254662774
+79690897141
+79253104858
+79777279549
+79631042711
+79260459619
+79818238979
+79160907943
+79853489591
+79855403737
+79163708381
+79167501547
+79299407870
+74957989475
+79260100052
+79091697484
+79859556732
+79262242505
+79163691864
+79091608968
+79269917347
+79261794791
+79165786816
+79060981323
+79213912920
+79859003764
+79888308222
+79999793507
+79110023900
+79818355534
+79110034755
+79119303005
+79851510633
+79295234331
+79842995954
+79255835267
+79161578950
+79265568724
+79779560179
+79262787615
+79842979879
+79639944199
+79060887248
+79259175022
+79267041280
+79242646632
+79263995211
+79876374585
+79998803032
