+78619531978
+73852638367
+73852354500
+73852628648
+73852442052
+73853248243
+74233420182
+74233420162
+78442670698
+78442673295
+78442712347
+73884922435
+73884921125
+73884922335
+78432214300
+78432214343
+74012561020
+73842289111
+73842388829
+78332538652
+78332538988
+78332654655
+78612622036
+74953327003
+74997352610
+74997352612
+78412678209
+73422277087
+78632450053
+78463561010
+78125725172
+78124615183
+78124664978
+78123429262
+78123429262
+78137031718
+74812271076
+74812270312
+74212395446
+73022368676
+74112234267
+78182286207
+78182286206
+73953361033
+73953361032
+78162772151
+78162772042
+74232361801
+74232312864
+78443580555
+78442787114
+78442450773
+78442451151
+78442418281
+78362582587
+77212563730
+77212561758
+73522499005
+73522435757
+73522451870
+74954500881
+74967699993
+74967699369
+74959933083
+78552305455
+78552305454
+78314333545
+78313360795
+78312950379
+78317021262
+78317021397
+78317021302
+78313261300
+78314534139
+78315921581
+78315921602
+78312527721
+78312247556
+78312240694
+78314665397
+78314287549
+78312464120
+73919228501
+73919229513
+73532776301
+73532560150
+73532560178
+73532560177
+78795122428
+78793463674
+78793462291
+78793461724
+78792256758
+78793320180
+78632321452
+78635467675
+78632404328
+78632635777
+78632524072
+78632227849
+74912255191
+74912254865
+74912351153
+74912253405
+74912986730
+74912766745
+78342730537
+78342720602
+78342385505
+73476351688
+73476351769
+73476351692
+73463277395
+73463277391
+73462244496
+74754142625
+74754143620
+74752755842
+74822359836
+73012334670
+73012334602
+73012431068
+73472541921
+73472541875
+73472541935
+73472541976
+73012213154
+73012334602
+73012334670
+73012423769
+73012425913
+73012431068
+73022365808
+73022368676
+73022368683
+73412442268
+73412661822
+73412663311
+73412682511
+73412683733
+73412683911
+73412688660
+73412711279
+73412712661
+73412781924
+73422121238
+73422127037
+73422138494
+73422277087
+73422412025
+73422604240
+73422604439
+73422828911
+73422833422
+73422962357
+73427342332
+73432426196
+73432541181
+73432606099
+73433387664
+73433710071
+73433711761
+73433713288
+73433788433
+73435330640
+73435335089
+73436852980
+73436853982
+73452323307
+73452444273
+73452461259
+73452464118
+73452467812
+73452468119
+73452791904
+73452791905
+73453520001
+73454261444
+73456252680
+73462244496
+73463277391
+73463277395
+73464321160
+73466433950
+73472329694
+73472385702
+73472428653
+73472531348
+73472541875
+73472541921
+73472541935
+73472541976
+73472733700
+73472810318
+73473206151
+73476351688
+73476351692
+73476351769
+73512321237
+73512537391
+73512607282
+73512666025
+73512666097
+73513566732
+73513566734
+73513566883
+73513635066
+73513636751
+73514020561
+73514021134
+73514321532
+73514322353
+73517313554
+73517353416
+73517740099
+73517911725
+73517912790
+73517916636
+73517919872
+73522435757
+73522447456
+73522451870
+73522499005
+73532366272
+73532367413
+73532560150
+73532560177
+73532560178
+73532650524
+73532650623
+73532776301
+73532779119
+73532779312
+73812233486
+73812238252
+73812319116
+73812319145
+73812322383
+73812364067
+73812366713
+73812415600
+73812550315
+73822512802
+73822513080
+73822665516
+73822924504
+73822924508
+73832201031
+73832224368
+73832239714
+73832660253
+73832741457
+73832790341
+73832793133
+73832952109
+73833320659
+73833329234
+73833513022
+73833516388
+73833613036
+73834130154
+73834130618
+73834322431
+73842211611
+73842286511
+73842289111
+73842340848
+73842342967
+73842388829
+73842548090
+73842615824
+73842615855
+73842642381
+73843371666
+73843457244
+73843525821
+73843558644
+73843739883
+73843744335
+73845226545
+73845632449
+73846421170
+73846615004
+73846624743
+73847152384
+73847230935
+73852354500
+73852442052
+73852442058
+73852611494
+73852611507
+73852628648
+73852638367
+73852680851
+73853248243
+73853622335
+73854327557
+73882222051
+73882222509
+73882223950
+73884124366
+73884421345
+74012532663
+74012561020
+74012741145
+74012741710
+74012741745
+74012912032
+74012966013
+74014530815
+74014531854
+74014532265
+74112234267
+74112340601
+74112341022
+74112363329
+74112364429
+74112365185
+74152227949
+74152412087
+74152422599
+74162514890
+74162514892
+74162514893
+74162523330
+74162524505
+74162538834
+74212274867
+74212395446
+74212397193
+74212397273
+74212429631
+74212429735
+74212483212
+74212536140
+74212567498
+74214224817
+74214224984
+74214226786
+74217540790
+74217543466
+74217546595
+74232216044
+74232216663
+74232277356
+74232312864
+74232321316
+74232330012
+74232361801
+74232401810
+74232410694
+74232411226
+74232411808
+74233420162
+74233420182
+74233437737
+74233743219
+74234322021
+74234325802
+74234623009
+74236655367
+74242430452
+74242435643
+74242753920
+74244151384
+74244151971
+74244225342
+74712260350
+74712373807
+74712377594
+74712700746
+74712700751
+74712701225
+74712702702
+74722227531
+74722270749
+74722320204
+74722323641
+74722323723
+74722328693
+74722328853
+74722356125
+74722559470
+74725220643
+74725221321
+74732225097
+74732225359
+74732262521
+74732425381
+74732425406
+74732461286
+74732495726
+74732530271
+74732630926
+74732711359
+74742273406
+74742337616
+74742337751
+74742432068
+74742709164
+74742709168
+74752539678
+74752755842
+74752757001
+74752757031
+74754142625
+74754143620
+74812270312
+74812271076
+74812380570
+74812383098
+74812444166
+74812444167
+74812498793
+74812552286
+74812687101
+74812687105
+74812687119
+74812687161
+74812687187
+74822321872
+74822342542
+74822343266
+74822359836
+74822422602
+74822422746
+74832261335
+74832514234
+74832631145
+74832631542
+74832690065
+74832690112
+74832690145
+74832742263
+74832742326
+74832743063
+74842542901
+74842542904
+74842554040
+74842562740
+74842570036
+74842745601
+74852214534
+74852218419
+74852240478
+74852304301
+74852304321
+74852304351
+74852307517
+74852517156
+74852558344
+74852732807
+74852744511
+74862360387
+74862410066
+74862414469
+74862455662
+74862456691
+74862553428
+74862761311
+74872265259
+74872312925
+74872363036
+74872420572
+74872566252
+74873164425
+74873164525
+74875153641
+74875461545
+74876260524
+74876262214
+74876791478
+77212458910
+77212458913
+77212561758
+77212563730
+77232241686
+77232249366
+77232262982
+77232528749
+77233827548
+78112538951
+78112727261
+78122303364
+78122325920
+78122514293
+78122520108
+78122726240
+78122732667
+78122951723
+78122955043
+78123104540
+78123113571
+78123113641
+78123150966
+78123166850
+78123213257
+78123429262
+78124125736
+78124223483
+78124226445
+78124374688
+78124377016
+78124505068
+78124507175
+78124615183
+78124664978
+78124767255
+78125285989
+78125423204
+78125725172
+78126220757
+78127088599
+78127369418
+78136221831
+78137031718
+78137041960
+78137122861
+78137122866
+78137194023
+78142782269
+78142782906
+78142797267
+78152254639
+78152455218
+78152472273
+78152534666
+78162772042
+78162772053
+78162772130
+78162772151
+78172545059
+78172711251
+78172723620
+78172746971
+78182247836
+78182247959
+78182275762
+78182276387
+78182276487
+78182286206
+78182286207
+78182682996
+78182683197
+78184565811
+78212243318
+78212321143
+78213072945
+78312240694
+78312247556
+78312464120
+78312527721
+78312950270
+78312950288
+78312950379
+78313261300
+78313360795
+78314287549
+78314333545
+78314534139
+78314665397
+78317021262
+78317021302
+78317021397
+78332538611
+78332538652
+78332538848
+78332538980
+78332538988
+78332538990
+78332645462
+78332654655
+78342385505
+78342720602
+78342730537
+78352450506
+78352455455
+78352620046
+78352620197
+78352623121
+78352738049
+78354021069
+78354021352
+78362411156
+78362417593
+78362582587
+78362640091
+78363160917
+78412360313
+78412360621
+78412424481
+78412480399
+78412483505
+78412522856
+78412564262
+78412572540
+78412610047
+78412610048
+78412678209
+78412944464
+78414025294
+78422356001
+78422359413
+78422420670
+78422420687
+78422420709
+78422481061
+78422482115
+78422550581
+78422551612
+78425421434
+78432214242
+78432214250
+78432214251
+78432214300
+78432214343
+78432795253
+78435206190
+78435546088
+78435703169
+78435703179
+78436523320
+78436573505
+78437124185
+78437125647
+78437153974
+78437159385
+78437159685
+78437161221
+78442333308
+78442418281
+78442450773
+78442451151
+78442670698
+78442673295
+78442712347
+78442741541
+78442787114
+78443580555
+78452202783
+78452262066
+78452364932
+78452630782
+78452633513
+78452726801
+78452734809
+78452921451
+78453569770
+78462000211
+78463303366
+78463320429
+78463321409
+78463333172
+78463336585
+78463340690
+78463340792
+78463561010
+78465721634
+78469502381
+78469502744
+78469517733
+78469588233
+78469956869
+78482221894
+78482331504
+78482332620
+78482486479
+78482486535
+78486222429
+78486230752
+78486230753
+78512337744
+78512337766
+78512339542
+78512360095
+78512512943
+78512519300
+78512562522
+78512564852
+78552305454
+78552305455
+78552469739
+78555440418
+78555440427
+78555778623
+78555778640
+78612202790
+78612249827
+78612311918
+78612622036
+78612624091
+78612625512
+78613122322
+78613356900
+78613356990
+78613733350
+78613733385
+78613738205
+78614133071
+78614133076
+78614133077
+78615051669
+78616621351
+78617216331
+78617216474
+78617216645
+78617643122
+78617643722
+78622400749
+78622620025
+78632227849
+78632321452
+78632404328
+78632450053
+78632524072
+78632635777
+78632638793
+78632770195
+78634240216
+78635055642
+78635467675
+78652234796
+78652241407
+78652350522
+78652351863
+78652357407
+78655351545
+78655354747
